Accuracy:
9.81571293   8.3163147    6.72014809
12.60839748  25.22944641  31.81347275
11.65904331  16.51485443  32.35850525
41.98934555  9.4325428    16.21606255
27.80496788  30.74391556  12.00225353
18.15432549  27.92634201  29.39030266
13.29317188  11.35112476  14.16423321
13.75063133  18.44413948  23.31434631
13.98086071  16.64783287  22.09955025
25.67350769  14.85887241  23.33872795
27.34691811  28.30407524  15.33765984
26.34385681  30.421175    30.49097252 
5.75354958   3.55549526   6.98392582
14.78238297  28.80154037  35.5646286
7.15563154   16.77372551  28.93306732
35.72439957  20.43465614  32.48451233
45.06568527  46.24068069  20.34282303
33.92132187  46.49946594  47.87327957


RMSE:
11.31249523  10.30426502   8.77718639
16.59765434  35.51845551   46.66049957
14.84101009  22.20393562   44.54970169
58.77157974  12.97132301   20.79536629
37.58523941  41.74186325   15.83762836
25.84524155  41.51211929   45.38300323
16.17047501  14.18830872   17.88943672
19.45385361  27.93750381   35.13319397
16.73342133  20.15015602   27.7599411 
32.27289581  19.69028854   34.33237076
39.92248154  41.57565308   19.20285225
32.18875122  40.26382065   42.30080795 
7.15651321   5.1043663     9.55189991 
19.6393795   40.89813232   50.20175934
9.29364109   21.14851379   38.70212936
49.43064117  25.70231819   40.66175842
56.90494156  56.50722885   25.23780441
40.92339325  55.76335526   55.93992615